3FF
3DD
3BD
39D
37F
361
345
32A
30F
2F5
2DD
2C4
2AD
297
281
26C
258
244
231
21F
20D
1FC
1EB
1DB
1CB
1BC
1AE
19F
192
185
178
16C
160
154
149
13E
134
12A
120
116
10D
104
0FC
0F3
0EB
0E4
0DC
0D5
0CE
0C7
0C1
0BA
0B4
0AE
0A9
0A3
09E
099
093
08F
08A
085
081
07D
079
075
071
06D
06A
066
063
05F
05C
059
056
053
051
04E
04B
049
047
044
042
040
03E
03C
03A
038
036
034
032
031
02F
02E
02C
02B
029
028
027
025
024
023
022
021
01F
01E
01D
01C
01B
01B
01A
019
018
017
016
016
015
014
014
013
012
012
011
010
010
00F
00F
00E
00E
00D
00D
00C
00C
00C
00B
00B
00A
00A
00A
009
009
009
008
008
008
008
007
007
007
007
006
006
006
006
006
005
005
005
005
005
004
004
004
004
004
004
004
003
003
003
003
003
003
003
003
002
002
002
002
002
002
002
002
002
002
002
002
002
001
001
001
001
001
001
001
001
001
001
001
001
001
001
001
001
001
001
001
001
000
000
000
000
000
000
000
000
000
000
000
000
000
000
000
000
000
000
000
000
000
000
000
000
000
000
000
000
000
000
000
000
000
000
000
000
000
000
000
000
000
000
000
000
000
000
000
000

